50237
41722
36769
8426
16545
57986
40575
23705
20526
2672
15912
40699
46141
41349
41767
17459
15179
32821
46930
12213
25277
54541
47423
46707
52291
46484
61081
39430
27016
54739
51566
21758
25318
52618
25316
16351
437
39343
29125
50677
55889
28367
22883
55025
13782
7769
46963
33017
17732
12598
3634
35898
193
56861
5521
38808
6823
24010
41536
33843
4351
2855
24386
34059
60794
46417
13655
24454
34230
36393
50815
60260
14493
62783
59966
43684
64293
52600
23619
1677
39996
7986
35400
58554
9747
4592
35329
34739
10182
7033
7387
6325
3784
63269
22407
32280
61622
11095
3758
55667
46435
46285
52162
60487
17321
50148
29652
53324
35509
14166
23045
43828
12912
54999
34529
62337
45553
60945
6336
18125
7967
17049
50846
59467
28873
60797
29140
37356
10579
8018
64302
2715
36060
33915
6113
51653
4143
58101
64160
4787
38531
43921
20306
17215
12469
57955
15421
22329
19050
50552
1264
50886
50579
35374
10522
14445
17518
147
48962
61829
29314
50590
40889
22416
14275
18725
13079
11566
29379
28402
20417
56251
49499
9290
9950
4517
30579
20492
27168
11182
45814
64534
23500
20022
24476
12032
41231
12873
26232
23894
26332
35390
31071
40492
39637
31173
16979
26594
48942
1888
59539
52180
51528
10209
6446
14964
51811
12715
9373
22904
3928
11148
30744
29550
23258
46165
15494
22344
48433
47817
18400
63505
59138
7150
46454
56434
12986
38353
24440
5122
48174
35106
25882
22850
59262
25276
50801
43811
37510
31105
40624
44078
44615
56100
28655
43040
13068
13783
26284
14179
51699
29586
10157
2618
21465
2056
9777
45155
53337
39599
17389
62750
27138
62605
34015
10173
26420
44160
28788
60900
62405
21993
42153
54022
40559
15403
36823
131
43250
25296
63664
30599
2643
25864
16846
57672
4788
22981
21852
61531
51047
27136
5717
15915
18214
51050
42285
11994
16647
2178
54972
23564
59487
7895
58109
16540
60155
35457
38654
52270
4573
42391
38836
23153
7585
53585
29429
32384
37496
34619
7833
42002
60263
18769
62544
46474
44108
48790
24781
33900
5549
62647
8031
26889
38719
25872
36249
31427
15945
33261
3585
29841
11790
58023
37526
9497
4683
45138
53616
34766
33040
27528
48091
61587
29108
7254
3230
11805
34062
12898
61889
5309
34622
59960
23129
27572
47078
47313
32472
59127
23156
44259
7045
24197
24543
45440
9770
18277
42407
21688
47877
2447
64975
63983
38628
58662
41098
59443
52784
61783
42383
19447
63485
23482
65407
18115
47599
30886
13140
26990
23422
47053
40668
15430
44498
64731
49128
44684
26227
50648
12475
47604
55241
35179
18652
10750
24504
43338
51987
8121
44105
39503
15659
37815
9505
40746
25388
7998
65534
52615
33268
48627
15281
31591
6837
59431
31082
37874
36403
26109
19677
25671
49675
64320
37373
59935
28574
40106
59422
35744
6766
14506
63380
57808
58911
22687
19765
10715
12865
31544
41056
19809
18052
9931
22771
51941
44173
22921
19622
11849
32860
22452
27512
4489
58461
29600
33509
41046
30246
31352
17429
29155
41913
2556
19518
56174
53811
28841
23646
2010
38211
31083
6203
36339
42494
59484
16672
39639
44757
40229
14416
16909
27841
37918
50481
5163
37514
1766
21668
47222
32148
2715
44879
10711
19228
29466
5394
9110
37990
53806
45470
50080
55182
56640
64102
62977
56454
48812
3683
44207
45423
7975
3387
34735
53929
29207
19211
30751
55361
5041
39191
11639
26504
33556
47023
6968
62421
52260
41875
32416
1938
34377
24203
42054
52891
34124
12473
27814
36690
64004
9264
41269
49205
45046
44767
33140
49009
56785
32349
15728
40919
36464
5548
4270
30344
37338
11452
55987
32062
40756
23829
26852
53791
29751
52232
60598
44620
19162
62063
6571
23441
38030
61763
11253
46726
4592
47857
13319
37042
49326
47110
51190
11534
50533
1085
678
27497
7927
21538
7636
3290
10911
31956
6085
1701
34234
17410
39904
51764
51813
61306
46799
8795
49405
13972
59316
8138
36912
1534
36877
4976
554
38062
4100
50398
19880
51438
31983
40893
51115
58152
36853
9565
11320
60181
27596
24987
42110
57384
11751
50149
38174
12513
61989
37269
29225
21335
19427
9476
7760
27911
3252
32830
41397
1530
5147
579
39203
40192
27885
40250
37521
15657
2103
2744
30095
43322
21428
41981
4213
23973
56920
42548
19310
11801
24924
27104
23477
5616
17166
1877
33065
31767
62279
54382
27037
35016
2975
22530
46494
44719
40880
45603
23740
30483
41070
62241
51510
21215
8315
35579
36668
21977
60249
28043
8311
38749
34327
382
60334
37361
57933
42891
149
27104
56256
2102
47849
107
55940
16247
46263
13838
32451
694
32733
40922
11543
34079
33024
13298
19067
58526
62592
23574
23003
32042
18071
21771
25404
33856
48434
31508
49596
39592
8756
59475
55898
41437
62017
46819
17925
37981
15595
65244
40443
38803
12644
52730
38470
8849
32072
29647
10100
16757
33626
32856
47821
33144
50409
15356
9031
28785
1035
34096
30183
19309
60713
19006
56865
9701
58827
533
27219
40343
50068
59234
39505
59686
6816
29161
37276
32956
56622
54617
4514
49983
43191
46848
29007
16202
13767
63198
20381
53433
29015
18748
43584
43236
14049
32223
49285
58420
64528
3595
61769
17151
61420
54346
51626
26642
43493
28055
15671
3411
65499
35859
32721
34963
36532
42380
63969
53293
61005
42128
6364
45841
4391
12095
23693
57833
30930
23686
34288
41533
23517
19496
35353
61480
42769
39294
15280
33436
40106
28902
7076
41088
20163
42557
36457
13708
2310
21586
45721
52145
3802
43897
12335
23715
41248
56659
47454
44471
44864
53031
20304
41517
46373
1892
8710
42033
16644
22522
35748
42769
17068
6946
61649
64494
20711
35818
31110
6513
23127
17725
42065
56754
64658
16869
45470
47803
57376
43927
6524
41327
49401
18428
31922
34577
8932
40328
24080
44678
26286
53422
811
49974
64019
24959
0
38614
34583
4894
34823
29026
21165
28546
52443
18851
50145
11100
40801
37039
22241
40240
41054
4771
61471
4377
32971
38404
42494
56676
54696
39090
6367
11348
36388
49324
25743
47760
10936
14086
37172
43236
59296
18431
18117
41051
27186
56023
58365
11008
28211
58056
6548
24126
64407
1758
54243
61449
58771
54358
47398
2575
36449
48420
24656
47177
65402
32350
54656
36546
28854
55020
7281
3949
63982
29202
24701
